gender,SeniorCitizen,Partner,Dependents,tenure,PhoneService,MultipleLines,InternetService,OnlineSecurity,OnlineBackup,DeviceProtection,TechSupport,StreamingTV,StreamingMovies,Contract,PaperlessBilling,PaymentMethod,MonthlyCharges,TotalCharges,Churn
0,0,0,0,10,0,1,0,2,0,0,0,0,0,0,0,3,29.75,301.9,0
0,0,0,0,52,1,0,2,1,1,1,1,1,1,1,0,3,20.65,1022.95,0
0,0,1,1,10,1,0,0,0,0,2,2,0,0,0,0,1,55.2,528.35,1
1,0,1,0,12,1,0,2,1,1,1,1,1,1,1,0,0,19.8,202.25,0
0,0,1,0,58,1,2,0,0,2,0,2,0,0,2,1,1,59.9,3505.1,0
0,0,0,0,30,1,0,0,2,2,0,0,0,0,0,1,0,55.3,1530.6,0
1,1,1,0,2,1,0,1,0,0,2,0,2,2,0,1,1,95.5,181.65,0
0,0,1,1,70,1,2,0,2,2,0,0,2,0,2,1,1,69.2,4872.35,0
0,0,0,0,49,1,2,1,0,0,0,0,0,2,0,1,2,84.5,3906.7,0
0,1,1,0,8,1,2,1,0,2,0,0,0,0,0,1,1,80.65,633.3,1
0,0,0,0,9,1,2,1,0,0,0,0,2,2,0,0,2,94.4,857.25,1
1,0,0,0,1,1,0,0,0,0,0,2,0,0,0,0,3,49.05,49.05,0
0,0,1,1,8,1,0,0,2,2,0,0,0,0,0,0,3,54.65,482.25,0
0,0,0,1,1,1,0,1,0,0,0,0,2,0,0,1,2,79.35,79.35,1
0,0,1,1,46,1,0,2,1,1,1,1,1,1,2,1,3,19.95,927.1,0
1,1,0,0,1,1,0,1,0,0,0,2,0,0,0,0,2,74.7,74.7,0
0,0,0,0,12,1,2,1,2,0,0,0,0,0,0,1,2,78.95,927.35,1
1,0,0,0,1,1,0,2,1,1,1,1,1,1,0,0,3,20.2,20.2,0
0,0,1,1,1,1,0,2,1,1,1,1,1,1,0,0,2,19.45,19.45,0
1,0,1,0,68,1,2,1,0,2,2,2,2,2,2,1,0,110.0,7611.85,1
0,1,1,0,37,1,2,1,0,0,0,0,0,0,0,1,2,76.5,2868.15,1
1,0,0,0,3,1,2,1,0,0,0,0,0,0,0,1,2,74.4,229.55,1
0,0,1,1,4,1,0,2,1,1,1,1,1,1,0,0,3,20.85,62.9,0
1,0,0,0,1,0,1,0,0,0,0,0,0,2,0,1,2,35.45,35.45,1
1,0,0,0,2,1,0,0,0,0,0,0,0,0,0,0,2,44.35,81.25,1
1,0,0,0,64,1,2,1,2,2,0,0,0,0,1,1,1,84.3,5289.05,0
0,0,1,1,65,1,2,1,2,2,0,2,2,0,2,1,1,99.05,6416.7,0
1,0,0,0,1,1,0,0,0,0,0,0,0,0,0,1,2,45.65,45.65,1
1,0,1,1,16,1,0,0,2,0,2,0,2,0,2,0,3,64.25,1024.0,0
0,0,0,1,13,1,0,0,2,2,0,0,0,0,0,1,2,56.0,764.55,0
1,0,1,0,72,1,2,0,2,2,2,2,2,2,2,1,0,89.05,6254.45,0
0,1,0,0,15,1,2,1,0,0,0,0,0,0,0,1,3,74.45,1145.7,1
0,0,0,0,14,1,0,1,0,2,0,2,0,0,0,1,1,80.05,1112.3,0
0,0,0,0,19,1,0,1,2,0,2,2,2,2,0,1,2,106.6,1934.45,1
1,0,0,0,2,1,0,0,0,0,0,0,0,0,0,1,1,46.0,84.5,1
1,0,0,1,61,1,0,2,1,1,1,1,1,1,2,0,3,19.75,1124.2,0
0,0,1,0,71,1,2,2,1,1,1,1,1,1,2,0,0,24.75,1836.9,0
0,0,1,0,1,1,0,0,0,0,0,0,2,0,0,0,3,55.2,55.2,1
0,1,0,0,11,1,0,1,0,2,0,0,2,2,0,1,2,95.0,1120.3,1
1,0,0,0,72,1,2,1,0,2,2,2,2,2,2,0,0,109.2,7878.3,0
1,0,0,0,42,1,2,1,2,2,2,0,0,2,1,1,2,99.0,4298.45,0
0,0,1,1,2,1,0,1,0,0,0,0,0,0,0,0,2,70.4,147.15,1
0,0,1,1,61,1,2,1,2,2,2,2,2,2,2,0,1,115.1,7008.15,0
0,0,1,0,2,1,0,0,0,0,0,0,0,0,0,1,1,44.6,80.55,1
1,1,1,0,57,1,2,1,0,2,0,0,0,2,0,1,2,89.85,4925.35,0
1,0,0,0,59,1,0,2,1,1,1,1,1,1,2,0,3,19.35,1099.6,1
1,1,1,0,20,1,2,1,0,2,0,2,2,2,0,0,2,107.05,2172.05,0
1,1,0,0,8,1,0,1,0,2,0,0,0,0,0,1,2,74.5,606.55,1
0,0,0,0,12,1,0,2,1,1,1,1,1,1,0,0,3,19.7,220.35,0
1,0,1,1,40,1,2,0,0,0,2,0,2,2,0,1,2,74.55,3015.75,0
1,0,0,0,23,1,0,0,0,0,0,0,2,2,1,1,0,64.9,1509.8,0
1,0,0,0,4,1,0,1,0,0,2,2,0,2,0,1,2,90.4,356.65,0
0,0,1,1,72,0,1,0,0,2,2,2,2,2,2,1,2,60.0,4264.0,0
0,0,1,1,9,1,0,0,2,0,0,0,0,0,1,0,3,48.6,422.3,0
0,1,0,0,17,1,2,1,0,0,2,0,0,0,0,1,1,82.65,1470.05,0
0,0,1,1,66,1,2,0,2,2,2,0,0,0,0,1,0,67.45,4508.65,0
0,0,0,1,41,1,0,2,1,1,1,1,1,1,1,1,1,20.25,865.0,0
0,0,0,0,23,0,1,0,0,0,0,0,2,2,0,1,2,44.95,996.85,0
1,0,0,1,17,1,0,0,0,0,0,0,0,0,1,0,3,44.6,681.4,0
1,0,1,1,72,1,2,1,2,2,2,2,2,2,2,1,1,112.6,8126.65,0
0,0,0,0,42,0,1,0,2,2,2,2,0,2,1,1,2,54.75,2348.45,0
0,0,1,1,22,1,0,1,0,2,0,0,0,2,0,0,2,83.3,1845.9,1
0,0,0,0,10,0,1,0,2,2,2,0,0,0,0,0,0,40.7,449.3,0
0,1,1,0,55,1,2,0,0,0,0,0,0,0,0,0,0,51.65,2838.55,0
1,0,0,0,2,1,0,0,2,0,2,0,0,0,0,0,2,53.45,119.5,0
1,0,1,0,36,1,0,2,1,1,1,1,1,1,1,0,0,20.85,720.05,0
1,0,1,1,8,1,0,1,0,0,2,0,2,2,0,1,2,94.75,759.55,0
0,0,1,1,13,1,0,0,0,0,0,0,0,2,0,0,2,55.95,734.35,1
0,0,1,0,48,0,1,0,2,0,2,0,0,2,0,1,0,45.3,2145.0,1
0,0,1,0,2,1,0,1,2,0,0,0,0,0,0,1,2,74.4,139.4,1
0,0,0,0,12,1,2,1,2,2,2,0,0,2,0,1,0,99.7,1238.45,1
1,0,0,1,69,1,2,0,2,2,2,2,2,0,2,1,1,79.45,5502.55,0
1,0,0,0,40,1,2,1,0,0,2,2,2,2,0,0,0,104.8,4131.95,1
0,0,0,0,1,1,0,2,1,1,1,1,1,1,0,0,3,19.55,19.55,0
1,0,0,0,10,1,2,1,0,0,0,0,2,0,0,1,0,86.05,834.1,1
1,0,1,1,34,1,0,1,0,0,0,0,0,2,1,1,0,78.95,2647.2,0
1,0,1,0,56,1,2,1,0,2,0,2,2,2,1,1,2,107.25,6033.3,0
1,0,1,1,59,1,2,1,0,0,2,0,2,2,2,1,1,99.5,5861.75,0
1,0,1,1,15,1,0,1,2,0,0,2,2,2,1,0,2,101.9,1667.25,0
0,0,0,0,11,1,0,0,0,0,2,2,0,2,1,0,1,64.9,697.25,0
0,0,0,0,1,1,0,1,2,0,0,0,0,0,0,0,3,75.3,75.3,1
0,0,1,1,1,1,0,2,1,1,1,1,1,1,0,1,3,19.0,19.0,0
1,0,0,0,52,1,0,0,2,2,0,0,2,0,2,1,1,63.25,3342.45,0
1,0,1,1,40,1,0,1,0,0,2,0,2,0,1,1,2,85.05,3355.65,0
0,0,0,0,40,0,1,0,2,0,0,2,2,2,1,1,0,54.55,2236.2,0
0,0,1,0,68,1,2,0,2,2,2,2,0,0,2,0,1,70.9,4911.35,0
1,1,1,1,56,1,2,1,2,0,2,0,2,2,1,1,0,104.55,5794.65,1
1,0,1,0,10,1,2,1,0,0,0,0,0,2,0,1,2,85.25,855.3,1
1,0,0,0,1,1,0,1,0,0,0,0,2,2,0,1,2,89.55,89.55,1
0,0,1,0,70,0,1,0,0,2,2,2,2,2,2,0,0,57.8,4039.3,0
0,0,0,0,2,0,1,0,0,0,0,0,0,2,0,1,2,34.7,62.25,1
1,0,1,1,1,1,0,1,0,0,0,0,0,2,0,0,2,80.0,80.0,1
1,0,0,0,51,1,2,1,0,0,0,0,0,2,0,0,0,83.4,4149.45,0
1,0,1,1,31,1,2,0,2,2,0,2,0,2,1,1,0,75.25,2344.5,0
1,0,1,0,72,1,2,0,0,2,2,2,2,2,2,1,0,85.15,6316.2,0
1,0,1,1,72,1,2,0,2,0,2,2,0,0,2,1,1,66.5,4811.6,0
0,0,1,0,20,1,0,1,0,0,2,2,0,0,0,1,3,81.0,1683.7,0
1,0,1,0,72,1,2,2,1,1,1,1,1,1,2,0,3,25.4,1710.9,0
0,0,0,0,26,0,1,0,0,0,2,0,2,2,0,1,1,50.35,1277.5,0
0,0,1,1,4,1,2,1,0,0,0,0,0,2,0,1,2,85.95,381.3,1
1,0,0,0,65,1,2,0,0,2,2,2,0,2,2,1,1,74.2,4805.65,0
1,0,1,1,25,1,0,1,0,2,0,0,0,0,0,1,2,75.5,1901.05,0
0,0,1,0,27,1,2,1,0,0,2,0,0,2,0,0,0,90.15,2423.4,0
0,0,0,1,15,1,0,1,0,2,0,0,0,2,0,1,0,85.9,1269.55,1
1,0,0,0,22,1,2,1,0,2,0,0,0,0,0,1,3,78.85,1600.25,0
1,0,0,0,41,1,0,1,0,0,0,2,0,0,0,1,2,74.25,3089.1,0
1,0,1,0,17,1,0,0,2,2,0,0,0,2,1,0,3,64.8,1175.6,0
1,0,1,1,71,1,0,0,0,2,0,2,2,2,2,1,1,73.35,5154.5,0
0,0,1,1,1,1,0,2,1,1,1,1,1,1,0,0,2,20.0,20.0,0
0,0,1,1,72,1,2,0,0,0,2,0,2,2,2,1,0,76.8,5468.45,0
1,0,0,0,70,1,2,1,2,0,0,2,2,2,2,1,1,104.0,7250.15,1
0,0,0,0,25,1,2,1,0,0,0,0,2,0,0,1,3,84.6,2088.05,0
0,0,1,1,72,1,2,0,2,2,2,2,2,2,2,0,1,89.8,6510.45,0
1,0,0,0,2,1,2,2,1,1,1,1,1,1,0,0,3,24.85,62.0,0
0,0,1,0,66,1,2,1,2,2,0,2,0,0,1,0,2,89.0,5898.6,0
0,0,0,0,3,1,0,1,0,2,0,0,2,2,0,1,2,95.1,307.4,1
1,0,0,1,45,1,2,1,0,0,2,0,2,2,2,0,0,99.7,4634.35,0
0,0,1,1,63,1,2,1,2,2,2,0,2,0,0,1,2,100.55,6215.35,1
1,0,1,1,31,1,2,1,2,0,2,2,0,0,0,0,2,89.3,2823.0,0
1,1,0,0,32,1,2,1,0,0,2,0,0,0,0,1,1,81.1,2619.25,0
0,0,1,0,63,1,2,1,0,0,0,2,0,0,1,1,1,81.2,4965.1,0
1,0,1,0,16,1,2,1,0,0,0,0,0,0,0,1,2,75.4,1189.4,0
0,1,0,0,3,1,2,1,0,2,0,0,0,0,0,1,2,79.4,205.05,1
1,0,1,0,72,1,0,2,1,1,1,1,1,1,2,0,1,19.3,1304.8,0
1,0,0,0,24,1,0,1,0,0,0,0,0,2,0,1,1,79.85,2001.0,0
1,1,0,0,2,1,0,0,0,0,0,0,0,0,0,0,3,44.95,85.15,1
1,0,1,0,1,1,0,0,0,0,0,0,0,0,0,0,1,44.7,44.7,1
1,0,0,0,4,1,0,0,2,0,2,0,0,0,0,0,2,56.75,245.15,0
1,1,1,0,44,0,1,0,0,2,0,0,0,0,0,1,2,30.35,1359.7,1
0,1,1,0,53,1,2,1,0,0,0,0,2,2,1,1,1,95.85,5016.25,0
0,1,1,0,45,1,0,1,0,0,2,0,0,2,0,1,2,86.1,3861.45,0
0,1,0,0,8,1,0,1,0,0,2,0,2,2,0,1,2,92.1,729.95,1
0,0,1,0,62,1,2,2,1,1,1,1,1,1,2,0,0,23.65,1416.75,0
0,0,0,0,13,0,1,0,0,0,2,0,2,2,0,0,2,49.15,649.4,0
1,0,1,1,32,1,0,1,0,0,0,0,0,0,0,1,0,69.75,2347.9,1
1,0,0,0,10,1,0,0,2,0,0,2,2,0,0,0,0,62.25,612.95,0
0,0,0,0,23,1,2,1,2,0,0,0,2,0,0,1,0,90.05,2169.8,1
1,0,0,0,1,1,0,2,1,1,1,1,1,1,0,0,3,21.1,21.1,0
0,0,0,0,51,1,2,1,2,2,2,0,2,2,1,0,0,107.45,5680.9,0
1,0,1,1,25,1,0,1,0,0,0,0,2,2,1,1,2,90.4,2178.6,1
0,0,0,0,69,1,2,2,1,1,1,1,1,1,2,0,1,24.6,1678.05,0
1,0,1,0,40,1,0,0,0,2,0,0,0,0,0,1,3,50.15,2058.5,0
1,0,0,0,60,0,1,0,2,2,2,0,0,0,2,0,0,39.6,2424.5,0
1,0,1,0,32,1,2,1,0,2,0,0,2,2,0,1,1,98.85,3145.9,0
1,0,1,1,70,0,1,0,2,0,2,2,2,2,2,0,0,59.5,4144.8,0
1,0,0,0,20,1,0,1,0,0,0,0,0,0,0,0,1,70.55,1493.55,0
0,0,0,0,19,0,1,0,0,0,0,0,2,2,1,1,1,44.85,893.55,1
0,1,1,0,11,1,2,1,0,0,2,2,2,2,0,1,0,104.05,1133.65,1
0,0,1,1,26,1,0,1,2,2,0,0,0,0,0,0,2,81.95,2070.05,0
0,1,1,0,23,1,0,1,2,0,0,0,2,2,0,1,2,95.1,2326.05,0
1,0,0,0,25,1,0,2,1,1,1,1,1,1,1,0,1,19.9,510.8,0
1,0,0,0,26,1,2,0,0,0,0,0,0,0,1,1,1,51.55,1295.4,0
1,1,0,0,70,0,1,0,0,2,2,0,2,0,1,1,1,44.05,3011.65,0
1,1,1,0,43,1,2,1,0,2,0,2,2,0,0,1,2,94.3,3953.15,0
1,0,1,1,35,1,2,0,2,2,2,2,0,0,2,1,1,69.15,2490.15,0
1,0,1,0,66,1,2,0,2,2,0,2,2,2,2,0,2,85.25,5538.35,0
1,0,1,1,64,1,0,0,2,0,2,2,2,0,2,0,3,69.25,4447.75,0
0,0,1,0,72,1,2,2,1,1,1,1,1,1,2,0,0,24.65,1830.05,0
0,0,1,1,72,1,2,0,2,0,2,2,2,2,2,1,1,85.9,6110.75,0
0,1,0,0,45,0,1,0,0,0,0,0,0,2,1,0,2,34.2,1596.6,0
1,0,0,0,2,1,0,0,0,2,0,0,0,0,0,1,3,50.3,92.75,0
1,0,1,1,5,1,0,2,1,1,1,1,1,1,0,0,3,19.45,86.05,0
0,0,1,1,62,1,2,1,2,0,0,0,2,2,2,1,0,101.15,6638.35,0
0,0,0,0,36,1,0,2,1,1,1,1,1,1,1,1,0,19.25,679.8,0
1,0,0,0,1,1,0,0,0,0,0,0,2,2,0,1,3,62.8,62.8,0
0,0,1,0,72,1,2,1,2,0,2,0,2,2,2,1,2,105.5,7544.0,0
0,0,0,0,62,1,2,0,0,2,2,2,2,2,2,0,0,84.5,5193.2,0
0,0,0,0,36,1,0,0,2,2,2,2,0,2,1,1,3,75.55,2680.15,0
1,0,1,1,32,1,0,1,2,2,2,0,0,2,1,0,3,94.8,3131.55,0
0,0,0,0,1,0,1,0,0,0,0,0,0,0,0,1,3,25.15,25.15,0
1,0,0,0,69,1,2,2,1,1,1,1,1,1,2,0,0,23.95,1713.1,0
1,0,0,0,50,0,1,0,2,0,0,2,0,0,1,1,3,35.4,1748.9,0
1,0,0,0,2,1,0,0,0,0,0,0,0,0,0,1,3,45.0,96.45,1
0,0,1,0,15,1,0,1,0,2,0,0,0,0,0,0,0,75.35,1114.55,0
1,0,0,1,3,1,0,0,0,0,0,0,2,0,0,1,1,54.7,169.45,1
0,0,1,0,57,1,2,1,0,0,2,0,2,2,1,1,1,100.75,5985.0,0
1,0,1,1,72,0,1,0,2,0,2,2,2,2,2,0,0,60.95,4549.05,0
0,0,0,0,9,1,2,1,0,0,0,0,2,2,0,1,2,94.75,889.9,1
1,0,0,0,4,1,2,1,0,2,0,0,0,0,0,0,2,78.45,330.05,1
0,0,1,1,51,1,0,0,2,2,2,2,2,2,2,0,1,85.5,4421.95,0
0,0,0,0,27,1,0,2,1,1,1,1,1,1,2,1,0,20.25,538.2,0
0,0,1,1,12,1,0,0,0,0,2,0,2,0,0,1,1,58.35,740.55,0
1,0,0,1,3,1,0,2,1,1,1,1,1,1,0,0,3,19.95,58.3,0
1,0,0,1,8,0,1,0,2,0,0,2,0,2,2,1,3,44.55,343.45,0
1,0,1,1,63,1,0,2,1,1,1,1,1,1,2,1,3,19.15,1177.05,0
1,1,0,0,44,1,0,1,0,0,2,0,0,0,0,0,2,73.85,3122.4,0
0,1,1,0,65,1,2,1,2,2,2,0,2,2,0,1,1,109.4,7227.45,0
0,0,0,0,40,1,0,0,0,0,2,0,0,0,1,1,3,50.25,2023.55,0
1,0,0,1,41,1,0,1,2,2,2,2,2,2,2,1,2,111.15,4507.15,0
1,0,1,0,42,1,2,1,0,0,2,2,2,2,1,1,2,108.3,4586.15,0
1,0,0,0,1,1,0,2,1,1,1,1,1,1,0,0,2,20.55,20.55,1
1,0,1,0,22,1,2,1,2,0,0,2,2,0,0,0,1,95.9,2234.95,0
1,0,1,0,36,1,0,2,1,1,1,1,1,1,1,0,3,20.0,666.75,0
1,0,1,1,45,1,2,1,0,2,2,0,0,2,0,1,0,95.95,4456.65,0
0,1,1,0,69,1,2,1,0,2,0,2,2,2,2,0,1,105.4,6998.95,0
1,1,0,0,22,1,2,1,0,0,0,0,2,2,0,1,2,96.7,2082.95,1
0,0,1,1,23,1,0,0,2,2,0,2,0,0,1,1,3,57.75,1282.85,0
1,0,0,0,11,1,0,1,2,0,2,0,0,0,0,1,0,79.5,795.65,0
1,0,0,0,3,1,0,2,1,1,1,1,1,1,0,1,2,20.25,61.45,0
0,1,0,0,1,0,1,0,0,0,0,0,0,0,0,1,3,25.8,25.8,1
0,0,0,1,63,1,0,2,1,1,1,1,1,1,2,0,1,19.5,1215.1,0
1,0,0,0,37,1,2,0,2,2,2,2,0,0,1,0,2,67.45,2443.3,0
0,0,0,0,19,1,0,0,0,0,0,0,0,2,0,1,2,56.2,1093.4,0
1,0,0,0,14,1,0,2,1,1,1,1,1,1,0,0,1,19.6,300.4,0
0,0,0,0,14,1,0,1,0,0,2,0,0,0,0,0,2,75.35,1025.95,1
1,1,1,0,7,1,2,0,2,2,0,2,0,0,0,0,2,64.2,475.0,0
0,0,1,0,53,1,0,1,2,2,2,0,2,2,1,1,0,106.1,5769.75,1
1,1,0,0,4,1,0,1,0,0,0,0,0,0,0,0,2,69.35,261.65,0
0,0,1,0,10,1,0,0,0,0,2,0,2,2,0,1,1,67.8,653.15,0
0,1,0,0,3,1,0,0,0,0,0,0,0,0,0,0,2,45.0,127.1,1
1,0,0,0,66,1,0,1,0,2,2,0,2,2,0,0,2,99.5,6710.5,1
1,1,1,0,12,1,0,1,0,0,0,0,0,2,0,1,2,80.45,950.2,1
0,0,1,1,68,1,2,1,2,0,2,2,2,2,2,1,0,109.05,7508.55,0
1,0,0,0,17,1,0,2,1,1,1,1,1,1,0,0,1,21.1,385.55,0
1,1,0,0,2,1,0,1,0,2,0,0,0,0,0,1,2,74.7,165.4,1
1,0,1,1,69,1,2,1,0,2,2,0,2,0,1,0,1,95.75,6511.25,0
0,1,1,0,17,1,2,1,2,0,2,0,0,0,0,1,0,85.35,1463.45,1
0,0,1,0,29,1,0,2,1,1,1,1,1,1,0,0,3,19.85,573.05,0
1,0,1,0,58,1,0,2,1,1,1,1,1,1,2,0,3,20.75,1185.95,0
0,0,0,0,4,1,2,1,2,0,0,0,0,0,0,1,2,80.15,319.85,0
0,0,1,0,72,1,2,2,1,1,1,1,1,1,2,0,1,25.0,1849.2,0
1,0,1,1,71,1,2,1,0,2,0,2,0,0,2,1,2,84.8,6152.4,0
0,0,0,0,42,1,0,2,1,1,1,1,1,1,1,1,3,20.65,958.1,0
1,0,0,0,69,1,2,1,0,2,2,2,2,0,2,1,1,97.65,6743.55,0
0,1,0,0,2,1,0,1,0,2,0,0,2,0,0,1,0,83.8,163.7,0
1,0,0,0,31,1,2,0,0,2,0,2,2,0,0,1,2,71.05,2168.15,0
1,0,1,0,64,1,2,1,2,2,2,0,0,0,1,0,0,89.45,5692.65,0
0,0,1,1,56,1,0,2,1,1,1,1,1,1,2,1,1,19.8,1119.9,0
0,0,0,0,72,1,2,1,2,2,2,2,2,2,2,1,0,116.45,8013.55,0
0,0,0,0,12,1,0,0,0,2,0,2,0,0,0,1,2,54.3,654.5,0
0,0,0,0,68,1,0,2,1,1,1,1,1,1,2,0,0,20.05,1386.9,0
0,0,1,1,27,1,0,2,1,1,1,1,1,1,1,1,3,20.55,583.3,0
0,0,1,0,71,1,2,1,2,2,2,2,2,2,2,1,1,115.15,8078.1,0
1,1,0,0,65,1,2,1,2,0,2,2,2,2,2,1,2,109.05,7108.2,0
1,0,1,1,72,1,2,2,1,1,1,1,1,1,2,0,1,24.75,1859.1,0
0,0,0,1,18,1,0,2,1,1,1,1,1,1,1,0,0,20.15,390.85,1
0,0,0,0,4,1,0,2,1,1,1,1,1,1,0,0,3,20.35,77.5,1
1,1,1,0,32,1,2,1,0,0,0,0,0,2,0,1,2,85.0,2642.05,1
1,1,1,0,57,0,1,0,0,0,0,0,2,2,0,1,2,44.85,2572.95,1
0,0,1,0,1,1,0,0,0,0,0,0,0,0,0,1,2,45.0,45.0,0
0,0,1,1,71,1,0,2,1,1,1,1,1,1,2,0,1,19.7,1415.85,0
0,0,1,1,55,1,0,2,1,1,1,1,1,1,2,0,1,19.4,1083.0,0
1,0,0,0,1,1,0,0,0,0,0,0,0,0,0,1,0,44.05,44.05,0
1,0,1,1,72,1,2,2,1,1,1,1,1,1,2,0,1,24.1,1734.65,0
1,0,0,0,1,1,0,1,0,0,0,0,0,0,0,1,2,70.05,70.05,1
1,0,0,1,16,1,2,0,2,2,0,0,0,2,0,1,2,69.1,1083.7,0
1,0,0,0,38,1,2,0,2,2,2,2,0,0,0,0,2,69.95,2657.55,0
0,0,1,1,72,1,2,1,2,2,2,2,2,0,2,0,1,106.1,7657.4,0
1,0,1,1,44,1,0,2,1,1,1,1,1,1,1,1,0,20.5,865.05,0
0,0,0,0,65,1,2,1,0,2,2,0,2,0,1,1,2,95.5,6153.85,0
1,0,1,1,49,1,2,1,0,0,2,0,2,2,0,1,2,99.8,4872.45,1
1,0,0,0,20,1,0,2,1,1,1,1,1,1,1,1,3,19.7,415.9,0
1,0,0,1,8,0,1,0,0,0,0,0,0,0,0,0,3,25.5,215.2,1
0,0,1,1,20,1,2,1,0,0,2,2,0,2,0,1,0,95.5,1916.2,0
1,0,0,1,1,1,0,1,0,2,0,0,0,0,0,1,2,75.35,75.35,1
0,0,0,0,42,1,2,0,2,2,0,0,0,0,1,1,0,60.15,2421.6,0
0,0,1,1,35,0,1,0,2,0,0,2,2,0,2,1,1,46.35,1662.05,0
0,0,1,0,2,0,1,0,0,0,0,0,2,2,0,0,2,44.6,97.1,1
1,0,0,0,23,1,2,1,0,0,0,0,0,0,0,1,2,74.95,1710.45,1
1,0,1,1,13,1,0,0,0,2,2,2,0,0,0,0,0,61.8,750.1,0
0,0,1,1,28,1,2,0,0,0,0,0,0,0,0,0,3,49.9,1410.25,0
0,0,0,0,16,1,0,1,0,2,0,0,0,2,0,1,2,86.25,1340.1,0
0,0,1,0,15,1,0,1,0,0,0,0,2,2,0,0,2,88.15,1390.6,1
0,0,0,0,66,1,2,2,1,1,1,1,1,1,2,1,1,25.15,1683.6,0
0,0,1,1,67,1,2,1,0,2,0,2,2,0,2,0,1,94.1,6302.8,0
1,1,1,0,72,1,2,0,2,2,2,0,2,2,2,1,1,84.1,5981.65,0
1,0,0,1,1,1,0,1,0,0,0,0,0,0,0,0,0,69.75,69.75,1
1,0,0,0,1,1,0,1,0,0,0,0,2,0,0,1,2,79.95,79.95,1
1,0,1,0,69,1,2,1,0,0,2,0,2,2,1,0,0,99.5,6841.45,0
1,0,1,0,33,1,2,1,0,2,2,0,0,2,0,1,2,93.35,3092.0,0
0,0,0,0,46,1,0,0,0,0,0,0,0,0,0,0,0,44.95,2168.9,0
0,0,0,0,71,1,2,1,2,2,2,2,2,2,2,1,2,118.65,8477.6,0
0,0,1,1,67,1,2,0,2,0,0,0,2,2,2,1,2,75.5,5229.45,0
1,0,1,1,42,0,1,0,2,0,2,2,2,0,2,0,1,48.15,2032.3,0
0,0,0,0,7,1,0,0,0,0,0,0,2,2,0,1,2,66.85,458.1,0
1,1,1,0,30,1,2,0,0,0,2,0,2,2,2,0,2,74.85,2181.75,0
1,0,0,0,18,1,0,2,1,1,1,1,1,1,0,0,2,19.0,348.8,0
0,0,0,0,1,1,2,0,0,0,0,0,0,0,0,1,2,50.1,50.1,0
0,0,0,0,2,1,0,1,0,0,0,0,0,2,0,0,2,80.55,184.1,1
0,1,1,0,59,1,2,1,2,2,2,2,0,0,1,1,2,94.05,5483.9,0
0,0,0,0,2,1,0,0,0,0,2,0,0,2,0,0,2,60.85,111.4,0
1,0,1,1,56,1,2,1,0,0,2,2,2,2,2,1,2,103.2,5873.75,0
1,0,0,0,1,1,0,1,0,0,0,0,2,0,0,1,2,79.5,79.5,1
0,0,0,0,36,1,0,0,2,2,2,2,2,2,1,0,0,85.85,3003.55,0
1,0,1,0,8,1,0,2,1,1,1,1,1,1,0,1,0,19.55,161.15,0
1,1,0,0,20,1,0,1,0,0,0,0,2,2,0,0,2,89.95,1648.45,0
0,0,1,1,71,1,0,0,2,2,2,2,0,0,2,0,1,64.05,4492.9,0
1,0,0,0,54,1,0,0,2,2,0,2,2,0,0,1,3,69.9,3883.3,0
0,0,1,1,41,1,2,0,2,2,2,0,2,0,1,1,1,78.35,3211.2,0
1,1,1,0,72,1,0,0,2,2,2,2,2,0,2,0,0,74.4,5360.75,0
0,0,0,1,15,1,0,0,2,2,2,2,0,0,1,0,1,65.6,1010.0,0
0,0,0,0,60,1,2,0,0,0,2,2,2,2,1,0,1,80.55,4847.05,0
1,0,0,0,70,1,2,1,2,2,2,2,2,2,2,1,0,114.95,7711.25,0
0,0,0,0,1,1,0,1,0,0,0,0,0,0,0,0,3,70.9,70.9,1
1,0,0,1,1,1,0,0,0,0,2,0,0,0,0,1,2,49.85,49.85,0
1,0,0,0,65,1,2,1,0,2,2,2,2,2,0,1,2,109.15,6941.2,1
1,0,1,0,53,1,2,1,2,0,2,0,0,2,0,0,2,93.9,5029.2,1
0,0,1,1,72,1,2,1,2,0,2,2,2,2,2,0,3,107.45,7576.7,0
0,0,1,0,13,0,1,0,0,0,2,0,2,2,0,1,0,48.75,633.4,1
0,0,1,1,54,1,2,0,2,2,2,2,2,2,2,0,1,91.3,4965.0,0
0,0,1,0,8,1,2,1,0,0,0,2,0,2,0,1,2,90.25,743.75,0
0,0,1,1,72,1,2,0,2,2,2,2,2,2,2,1,0,93.25,6688.95,0
0,0,0,1,49,1,0,2,1,1,1,1,1,1,2,0,1,20.45,1024.65,0
0,1,1,0,15,1,2,1,0,0,2,2,0,0,0,1,2,83.05,1258.3,1
1,0,1,1,61,0,1,0,2,0,2,0,0,0,0,0,0,33.6,2117.2,0
0,0,0,0,5,1,2,1,0,0,0,0,2,0,0,1,2,84.0,424.75,0
1,0,0,0,8,1,0,2,1,1,1,1,1,1,0,1,0,19.7,168.9,0
1,0,0,0,1,1,0,0,0,0,0,0,0,0,0,1,2,44.75,44.75,0
1,1,0,0,18,1,2,1,0,0,2,2,2,0,0,0,0,93.9,1743.9,0
1,0,0,0,64,1,2,1,2,0,2,2,0,2,2,0,1,99.25,6549.45,0
1,0,0,0,71,1,2,1,0,2,0,0,0,0,1,1,1,79.05,5552.5,0
0,1,1,0,38,1,2,1,2,2,0,0,0,2,1,0,1,95.0,3591.25,0
0,0,0,0,5,1,0,1,0,2,0,0,2,2,0,1,2,96.25,512.45,1
1,0,0,1,38,1,2,1,0,0,2,0,2,2,0,1,0,99.25,3777.15,1
0,1,1,0,50,1,2,2,1,1,1,1,1,1,1,0,2,25.2,1306.3,0
0,0,0,0,8,1,2,1,2,0,0,2,2,2,0,1,0,103.35,847.3,1
1,0,1,1,32,1,0,2,1,1,1,1,1,1,0,1,1,19.45,674.55,0
0,1,0,0,4,1,2,1,0,0,0,0,0,0,0,1,2,74.45,294.45,0
0,0,0,0,71,1,2,2,1,1,1,1,1,1,2,0,2,24.55,1719.15,0
1,0,1,0,8,1,2,1,0,0,0,0,0,2,0,1,0,85.65,659.45,0
0,0,0,0,29,1,0,2,1,1,1,1,1,1,1,0,3,20.0,599.3,0
0,0,0,0,53,1,0,1,2,2,2,2,0,2,2,0,3,99.5,5424.25,0
1,0,1,0,69,1,0,0,2,2,2,2,2,2,2,1,3,84.7,5878.9,0
0,0,1,0,2,1,0,0,0,0,0,0,0,0,0,1,2,45.0,89.75,0
1,0,1,1,12,1,0,2,1,1,1,1,1,1,0,0,3,20.5,255.5,0
0,0,1,1,28,1,2,1,0,0,0,2,0,2,1,1,2,90.45,2509.25,0
1,0,0,0,31,1,0,0,0,0,2,2,0,0,0,1,2,55.25,1715.65,1
1,0,0,0,35,1,2,1,0,0,0,0,0,0,0,0,1,75.35,2636.05,1
0,0,1,0,38,1,0,2,1,1,1,1,1,1,1,1,1,20.25,814.75,0
1,0,1,0,27,1,0,0,0,2,0,2,0,0,0,1,2,53.8,1389.85,0
1,0,0,1,41,1,0,0,2,2,2,0,2,0,1,0,3,70.2,2894.55,0
1,0,0,0,1,1,2,1,0,0,0,0,0,0,0,1,3,74.25,74.25,1
1,0,0,0,24,1,2,1,0,2,0,0,2,2,0,1,0,99.65,2404.85,0
1,0,0,0,1,1,0,2,1,1,1,1,1,1,0,0,3,19.4,19.4,1
0,0,0,0,8,1,0,1,0,0,0,0,2,0,0,1,0,80.1,679.3,1
0,1,1,0,70,1,2,0,2,2,2,2,2,2,2,1,0,92.2,6474.45,0
0,0,0,0,25,1,0,0,2,0,0,2,2,2,0,1,1,76.15,1992.95,0
0,0,1,1,71,1,2,1,2,2,2,0,2,0,2,1,1,99.0,7061.65,0
1,0,1,0,60,1,2,1,0,2,2,0,2,0,0,1,2,95.75,5742.9,1
1,0,0,0,48,1,0,2,1,1,1,1,1,1,2,0,1,20.15,982.95,0
0,0,0,0,37,1,0,2,1,1,1,1,1,1,2,0,3,19.8,813.3,0
0,0,1,1,21,1,0,0,0,2,0,0,2,0,1,1,1,58.85,1215.45,0
1,1,0,0,1,1,0,1,0,0,0,0,0,0,0,1,2,69.75,69.75,1
1,0,1,1,7,0,1,0,2,0,0,2,0,0,0,1,2,34.5,279.25,1
1,0,1,0,61,1,2,1,0,2,2,0,2,2,0,1,2,105.55,6281.45,1
0,0,0,1,39,0,1,0,0,0,2,0,0,0,0,0,1,30.1,1131.3,1
0,0,1,1,14,1,2,0,0,2,0,2,2,2,0,0,1,80.45,1137.05,0
1,0,0,0,18,1,0,0,2,0,2,2,2,0,0,1,2,68.35,1299.8,0
1,1,1,0,7,1,2,1,0,0,2,0,2,2,0,1,2,99.25,665.45,1
0,0,0,0,55,1,0,0,0,2,2,0,0,2,2,1,3,64.75,3617.1,0
1,0,0,0,22,1,2,0,2,0,0,0,0,0,0,1,2,54.45,1127.35,1
0,0,0,0,15,1,2,1,2,0,2,0,0,0,0,1,1,84.35,1302.65,0
0,0,1,1,70,1,0,0,2,0,0,2,2,2,2,0,1,75.35,5437.75,0
0,0,0,0,29,1,2,0,2,0,0,0,0,2,0,1,2,66.1,1912.15,0
0,0,0,0,66,0,1,0,2,2,2,2,0,0,2,1,3,47.4,3177.25,0
1,0,1,1,62,1,2,1,2,2,0,0,2,0,1,1,1,94.95,5791.85,0
1,0,0,1,66,1,0,0,0,2,2,2,2,2,2,1,1,79.5,5196.1,0
0,0,1,1,51,1,2,1,2,0,0,2,2,0,1,1,3,95.15,5000.05,0
1,0,0,0,63,1,2,1,0,2,0,2,2,2,0,0,2,105.4,6713.2,0
1,0,0,0,30,1,0,2,1,1,1,1,1,1,1,0,3,19.7,625.05,0
1,0,1,0,4,1,2,1,0,0,0,0,0,0,0,1,2,74.65,301.4,1
1,0,0,0,69,1,2,1,0,2,0,2,2,2,1,1,0,105.2,7386.05,0
1,1,0,0,19,1,2,1,0,0,2,0,0,0,0,1,2,79.85,1471.75,1
0,1,1,0,72,1,2,1,2,2,2,2,2,2,2,1,1,116.75,8277.05,0
0,0,0,0,22,1,0,0,2,0,0,0,0,0,0,1,2,49.8,1049.05,0
0,0,1,1,43,1,0,0,2,0,2,0,2,2,2,0,0,75.2,3254.35,0
0,0,1,1,31,1,0,2,1,1,1,1,1,1,2,0,3,21.0,697.7,0
0,0,1,1,19,0,1,0,0,0,0,0,0,0,0,1,3,24.85,434.8,0
0,0,0,0,12,1,0,2,1,1,1,1,1,1,1,0,3,19.7,260.9,0
1,1,1,0,53,1,2,0,2,0,0,2,0,0,1,1,2,60.05,3229.65,1
1,0,1,1,38,1,2,0,2,0,2,2,2,2,2,1,0,85.4,3297.0,0
0,0,0,0,25,1,2,1,0,2,2,2,2,2,2,0,2,108.9,2809.05,0
0,0,0,0,50,1,2,1,2,2,0,2,2,2,2,1,2,109.65,5551.15,1
0,0,1,0,55,1,2,1,2,0,0,0,2,0,0,1,0,89.8,4959.6,0
1,0,0,0,10,1,0,1,0,0,2,0,2,2,0,1,2,94.9,1048.85,1
1,0,1,0,58,1,2,0,2,2,2,0,2,2,2,1,2,86.1,4890.5,0
0,0,1,1,62,0,1,0,2,2,0,2,2,0,2,0,0,48.7,3008.55,0
0,0,1,0,72,1,2,1,2,2,2,0,2,2,2,1,2,109.55,8165.1,0
0,0,1,0,41,1,0,2,1,1,1,1,1,1,2,0,1,20.65,875.55,0
0,0,0,0,12,1,0,2,1,1,1,1,1,1,0,0,3,20.3,246.7,0
0,0,1,0,10,1,0,2,1,1,1,1,1,1,0,1,3,20.55,252.75,0
0,0,0,0,11,1,0,0,0,0,0,0,2,2,0,1,2,64.9,716.1,0
1,0,0,0,13,1,0,2,1,1,1,1,1,1,1,1,2,19.95,253.8,0
1,0,0,0,43,1,2,2,1,1,1,1,1,1,2,0,0,26.45,1110.05,0
0,0,0,0,1,1,0,1,0,0,2,0,0,0,0,0,0,73.5,73.5,1
1,0,0,0,11,1,0,1,0,2,0,0,0,0,0,1,2,74.55,824.75,1
1,0,1,1,31,1,2,2,1,1,1,1,1,1,2,0,3,25.75,755.6,0
1,1,1,0,55,1,2,1,0,2,2,2,2,2,2,1,2,113.6,6292.7,0
1,0,1,1,68,1,2,2,1,1,1,1,1,1,2,1,0,24.0,1664.3,0
0,0,1,1,12,1,0,2,1,1,1,1,1,1,0,0,0,19.4,198.1,0
1,0,1,0,24,1,2,0,2,0,0,2,0,0,1,1,2,58.35,1346.9,0
0,0,0,0,35,1,2,1,2,2,2,2,2,2,2,1,3,113.2,3914.05,0
0,0,0,0,29,1,2,0,0,0,0,0,2,2,1,1,1,71.0,2080.1,0
1,0,0,1,9,1,0,2,1,1,1,1,1,1,0,0,3,20.4,184.1,0
1,0,1,1,67,1,2,2,1,1,1,1,1,1,2,0,3,26.3,1688.9,0
0,0,0,0,8,1,0,2,1,1,1,1,1,1,0,1,3,20.7,137.6,0
0,1,0,0,2,0,1,0,0,0,2,0,0,0,0,1,2,30.4,78.65,1
1,0,1,1,65,1,2,1,0,0,2,2,2,2,2,1,0,104.1,6700.05,0
1,0,1,1,50,1,2,0,2,0,0,2,2,0,2,1,1,70.5,3486.65,0
1,0,0,0,1,1,0,0,0,0,0,0,0,0,0,1,3,45.8,45.8,0
0,0,0,0,52,0,1,0,2,2,2,0,2,2,2,1,0,58.75,3038.55,0
0,0,1,1,35,1,2,0,2,2,0,0,0,0,0,1,1,59.45,2136.9,0
1,0,0,0,51,1,2,0,2,0,0,2,0,0,1,0,1,59.9,3043.6,0
1,0,0,0,9,1,0,2,1,1,1,1,1,1,1,1,3,20.15,163.7,0
0,0,1,0,55,1,2,1,0,2,2,0,2,0,0,1,1,94.45,5073.1,0
0,0,0,0,5,1,0,0,2,0,0,2,0,0,0,0,2,54.2,308.25,1
1,0,1,0,36,1,2,1,0,0,0,0,2,2,0,1,2,95.4,3474.2,0
1,0,0,1,5,1,0,2,1,1,1,1,1,1,0,0,1,20.35,122.0,0
0,1,1,0,72,1,2,0,2,2,2,2,0,2,2,0,0,78.45,5682.25,0
0,0,1,1,41,1,2,1,0,2,2,2,2,2,1,1,0,109.1,4454.25,0
1,0,1,1,24,1,0,2,1,1,1,1,1,1,1,0,3,20.25,439.75,0
1,0,1,0,14,1,0,0,0,0,0,2,0,0,0,0,0,48.8,664.4,0
0,0,1,0,17,1,0,2,1,1,1,1,1,1,1,0,3,19.35,307.0,0
1,1,1,0,17,1,0,1,0,0,0,0,0,2,0,0,0,81.5,1329.2,1
0,0,0,0,27,1,0,2,1,1,1,1,1,1,2,1,3,19.6,561.15,0
0,0,1,0,64,1,2,0,2,2,2,2,0,2,2,1,3,81.3,5129.3,0
0,0,1,0,45,1,0,1,0,0,0,2,2,2,2,1,1,95.2,4285.8,0
1,1,1,0,3,0,1,0,0,0,0,0,2,0,0,1,3,36.45,93.7,1
0,0,1,1,15,1,0,2,1,1,1,1,1,1,0,0,3,19.8,272.95,0
1,0,1,1,66,0,1,0,0,0,2,2,2,2,2,0,0,54.65,3632.0,0
0,0,0,0,6,1,0,2,1,1,1,1,1,1,0,0,3,20.0,109.2,0
0,0,0,0,17,1,0,2,1,1,1,1,1,1,1,0,1,20.05,337.9,0
1,0,1,0,40,1,0,1,0,2,2,0,0,0,0,1,2,80.0,3168.75,0
0,0,1,1,41,0,1,0,2,0,2,0,0,0,1,0,1,35.4,1412.4,0
1,0,1,0,41,1,2,1,0,2,0,0,0,0,0,1,2,80.25,3439.0,0
0,0,1,1,24,1,2,2,1,1,1,1,1,1,2,0,3,24.7,571.75,0
1,0,1,0,3,0,1,0,0,2,0,0,0,0,0,0,1,29.8,94.4,0
1,0,1,1,65,1,0,2,1,1,1,1,1,1,2,1,1,19.85,1267.05,0
1,0,1,1,17,1,2,0,2,0,0,2,0,0,1,1,3,62.1,1096.65,0
1,0,0,0,22,1,0,1,0,2,0,0,2,2,0,1,3,93.2,2157.3,0
0,0,1,0,14,1,0,2,1,1,1,1,1,1,2,0,3,20.4,292.4,0
1,0,0,0,40,1,2,1,0,0,0,0,2,0,0,1,2,84.9,3369.05,0
0,0,1,0,72,1,2,1,0,2,2,0,2,2,1,1,2,101.35,7323.15,0
0,0,0,0,16,1,0,0,0,2,0,2,0,0,0,1,3,53.9,834.15,1
0,0,0,0,54,0,1,0,2,0,0,2,0,2,1,0,0,44.1,2369.7,0
1,0,0,0,21,1,0,2,1,1,1,1,1,1,0,1,3,19.95,416.4,0
1,0,0,0,13,1,0,1,0,0,2,0,2,0,0,1,2,83.2,1060.6,1
0,0,0,0,41,1,0,0,2,0,2,2,2,2,1,1,0,79.85,3320.75,0
1,0,0,0,12,1,2,1,0,0,0,0,2,2,0,1,2,96.05,1148.1,1
0,0,0,0,7,1,0,2,1,1,1,1,1,1,0,0,3,20.65,155.9,0
1,0,1,0,62,1,2,1,0,0,2,2,2,2,2,1,0,107.6,6912.7,0
1,0,0,0,26,1,2,0,2,2,0,0,0,0,1,0,2,61.55,1581.95,0
1,0,0,0,62,1,2,1,2,2,2,0,0,0,0,0,0,90.7,5586.45,0
1,1,1,0,53,1,2,1,0,2,0,0,2,2,0,1,2,101.9,5549.4,1
0,0,1,1,28,1,0,1,0,0,0,0,0,0,1,1,0,70.4,1992.2,0
1,0,1,0,24,1,2,1,0,0,2,0,2,2,0,1,2,101.05,2391.8,1
1,0,0,0,25,1,0,2,1,1,1,1,1,1,1,1,0,19.5,516.3,0
1,0,0,0,1,1,0,0,0,0,0,0,0,0,0,1,3,44.95,44.95,0
0,0,1,0,70,1,2,1,0,0,2,0,2,2,1,1,2,97.65,6982.5,0
0,0,1,0,48,1,0,1,0,0,2,2,2,2,0,1,1,100.05,4834.0,0
0,0,0,0,35,1,0,2,1,1,1,1,1,1,1,0,3,21.1,741.0,0
0,0,1,1,59,1,2,0,2,0,2,2,2,0,2,1,3,76.45,4519.5,0
1,0,1,1,11,1,0,2,1,1,1,1,1,1,0,0,0,20.95,267.35,0
1,0,0,0,1,1,0,2,1,1,1,1,1,1,0,0,3,19.45,19.45,0
1,1,0,0,5,1,0,0,0,0,2,0,0,0,0,0,2,50.35,237.25,1
0,0,0,0,17,1,2,0,0,0,2,2,2,0,0,1,3,69.0,1108.0,0
0,0,0,0,15,1,0,0,0,0,2,0,0,2,0,1,2,59.45,892.65,1
1,0,1,0,31,1,2,1,0,2,2,0,2,0,0,0,2,93.8,3019.5,1
1,0,0,0,63,1,2,1,0,2,0,0,0,2,1,0,1,90.45,5825.5,0
0,0,0,1,53,1,2,0,0,2,2,2,2,2,1,1,2,84.6,4449.75,0
0,0,1,1,72,1,2,2,1,1,1,1,1,1,1,1,0,23.3,1623.15,0
1,0,1,0,8,1,0,1,2,0,0,0,0,0,0,1,3,75.0,658.1,0
1,0,0,0,8,1,0,1,0,0,0,0,0,0,0,1,3,70.1,551.35,1
1,0,0,0,41,1,0,1,0,2,0,2,2,2,2,1,1,99.65,4220.35,0
0,1,1,0,69,1,0,1,2,2,0,0,0,2,1,0,1,87.3,6055.55,0
1,0,0,0,9,1,0,0,2,0,2,2,2,0,0,1,3,69.5,653.25,0
0,0,0,0,4,1,0,2,1,1,1,1,1,1,0,0,0,20.95,85.5,1
0,1,1,0,1,1,0,0,2,0,0,0,0,0,0,1,2,49.55,49.55,1
1,1,0,0,72,1,2,1,2,2,2,2,2,2,2,0,0,113.8,7845.8,0
0,0,1,0,72,1,2,2,1,1,1,1,1,1,2,0,2,24.55,1750.7,0
0,1,1,0,60,1,2,1,0,0,2,0,2,2,1,1,1,100.5,6029.0,0
0,0,0,0,49,1,0,0,0,0,2,2,2,2,2,1,0,74.45,3721.9,0
1,1,0,0,8,1,0,1,0,0,0,0,0,0,0,1,2,69.7,572.85,0
1,0,1,1,71,1,2,2,1,1,1,1,1,1,2,0,1,25.35,1847.55,0
0,1,0,0,1,0,1,0,0,0,0,0,0,0,0,0,2,25.25,25.25,1
1,1,1,0,49,1,0,0,0,2,0,0,0,0,2,0,3,49.8,2398.4,0
1,0,1,0,67,1,2,1,2,2,2,0,2,2,1,0,1,109.9,7332.4,0
0,0,0,0,9,1,0,0,0,0,0,0,0,0,0,0,2,45.15,416.45,1
1,0,1,0,22,1,0,0,2,0,0,0,2,0,1,1,0,59.75,1374.35,0
1,0,0,0,30,1,0,0,2,2,0,2,2,0,1,0,2,70.4,2044.75,0
1,0,1,0,71,1,0,0,2,0,0,2,0,0,2,0,0,54.5,3778.2,0
0,0,1,0,40,1,2,0,0,2,0,0,2,0,1,0,0,63.9,2635.0,0
0,0,1,1,3,1,2,0,0,2,2,0,2,0,0,1,0,69.15,235.0,0
0,0,1,1,32,1,2,1,0,2,0,0,2,2,0,1,2,98.85,3089.6,0
0,0,1,0,57,1,2,1,0,2,2,0,2,2,0,1,1,104.5,5921.35,1
0,0,1,1,2,1,0,1,0,0,0,0,0,0,0,1,2,71.65,135.75,0
1,0,1,1,72,1,2,1,2,2,2,2,0,2,2,1,1,104.9,7732.65,0
1,0,0,1,4,1,0,0,2,0,0,0,0,0,0,0,2,49.35,219.65,1
1,0,0,0,26,1,0,1,0,2,0,0,0,0,1,0,0,75.5,2018.1,0
0,0,1,0,1,1,0,1,0,0,0,0,0,0,0,1,2,68.95,68.95,1
0,1,1,0,12,1,0,0,2,0,2,2,2,2,1,1,2,79.2,943.85,0
1,0,0,0,1,0,1,0,0,0,0,0,0,0,0,1,3,24.45,24.45,1
1,0,0,0,7,1,2,1,0,0,2,0,2,0,0,1,1,89.35,631.85,1
0,0,0,0,5,1,2,2,1,1,1,1,1,1,0,0,3,25.45,134.75,0
1,1,1,0,10,1,2,1,0,0,2,0,0,2,0,1,2,89.8,914.3,1
1,0,0,0,6,1,0,1,0,0,0,0,0,0,0,1,2,69.1,435.0,0
1,0,1,0,72,1,2,0,2,2,2,2,2,2,2,1,1,88.7,6301.7,0
1,0,1,1,0,1,2,2,1,1,1,1,1,1,2,0,3,25.35,1397.0,0
0,0,1,0,65,1,0,2,1,1,1,1,1,1,2,0,0,19.35,1319.95,0
1,1,1,0,43,1,2,1,0,2,0,0,2,2,0,1,2,101.0,4388.4,1
0,0,0,0,4,1,0,1,0,2,2,2,2,2,1,1,2,105.65,443.9,1
1,0,0,0,1,1,0,2,1,1,1,1,1,1,0,1,0,19.65,19.65,0
1,0,1,0,61,1,2,1,0,2,2,2,2,2,0,1,2,114.1,7132.15,0
1,0,0,0,47,1,0,0,2,2,2,2,2,2,1,1,0,86.95,4138.9,0
0,0,0,0,54,1,2,1,0,2,2,0,2,0,1,1,0,94.75,5121.75,0
1,0,1,0,50,1,2,1,0,2,0,0,2,2,1,1,2,98.25,4858.7,0
1,0,0,0,3,1,2,1,0,0,2,0,2,2,0,1,0,101.55,298.35,1
1,0,0,0,13,1,0,2,1,1,1,1,1,1,1,0,1,19.3,259.65,0
0,0,0,0,17,1,0,2,1,1,1,1,1,1,0,0,1,19.7,340.35,0
1,0,1,1,56,1,2,2,1,1,1,1,1,1,2,0,0,24.15,1402.25,0
1,0,1,0,67,1,2,1,0,2,2,2,2,2,2,1,0,111.3,7567.2,0
1,0,1,1,34,1,0,2,1,1,1,1,1,1,0,0,3,20.8,635.9,0
1,0,0,0,39,1,0,2,1,1,1,1,1,1,1,0,3,19.9,791.15,0
1,0,0,0,71,1,2,1,0,0,2,2,0,0,2,1,1,86.4,6172.0,0
0,0,1,0,37,1,2,0,0,2,0,2,0,2,1,0,3,72.1,2658.4,0
0,0,1,0,18,1,0,1,0,0,2,0,2,2,0,1,1,95.95,1745.5,0
0,0,0,0,3,0,1,0,2,0,0,2,0,0,0,0,3,34.25,139.35,1
1,1,1,0,17,1,2,1,0,0,0,0,2,2,0,1,2,94.8,1563.9,0
0,0,1,0,6,1,2,1,0,2,2,0,2,2,0,1,2,105.3,545.2,1
0,0,0,0,3,1,0,0,0,0,2,0,2,0,0,0,2,57.55,161.45,0
0,1,1,0,7,1,2,1,0,0,0,0,0,2,0,1,2,84.55,646.85,1
0,0,0,0,68,1,0,2,1,1,1,1,1,1,2,0,1,19.6,1441.65,0
1,0,0,0,45,1,0,0,2,0,0,0,0,0,0,1,0,50.9,2298.55,0
1,0,1,0,63,1,0,1,2,2,2,2,2,2,2,1,1,110.1,6705.7,0
0,1,0,0,8,1,2,1,0,0,0,0,0,2,0,0,2,85.2,695.75,0
1,0,0,0,1,0,1,0,0,0,0,0,0,0,0,1,2,24.25,24.25,1
0,0,0,1,8,0,1,0,2,0,0,0,0,2,0,1,2,38.5,330.8,0
1,0,1,1,72,1,0,2,1,1,1,1,1,1,2,1,1,19.8,1414.65,0
0,0,0,0,36,1,2,0,2,0,0,0,0,0,1,0,3,54.45,1893.5,0
0,0,1,1,7,1,0,0,2,2,2,0,2,0,1,0,2,69.45,477.05,0
1,0,0,0,14,1,2,1,0,2,0,0,2,2,0,1,2,100.55,1415.55,1
1,1,1,0,72,0,1,0,2,2,2,2,2,2,2,1,1,64.95,4546.0,0
0,0,0,0,7,0,1,0,0,0,0,0,0,0,0,0,0,25.05,189.95,0
0,0,0,0,3,0,1,0,0,2,0,0,2,2,0,1,2,50.6,155.35,1
1,0,0,0,56,1,2,0,2,2,0,2,0,0,1,1,0,64.65,3665.55,0
0,0,1,0,68,1,0,0,2,2,0,2,2,2,2,1,0,79.6,5515.8,0
0,0,1,1,14,1,0,2,1,1,1,1,1,1,1,1,3,19.5,272.0,0
1,0,1,1,68,1,0,1,2,0,0,2,2,2,2,1,2,99.55,6668.0,0
1,1,1,0,58,1,2,1,0,0,2,0,2,2,0,1,2,98.7,5812.6,1
1,0,1,1,33,1,0,2,1,1,1,1,1,1,1,1,0,19.45,600.25,0
0,0,0,0,22,1,0,0,0,2,2,0,2,0,1,0,0,65.25,1441.8,0
1,0,1,1,26,1,0,1,0,0,0,0,0,2,1,0,0,78.95,2034.25,0
0,1,1,0,19,1,2,1,0,0,0,0,2,2,0,1,2,94.95,1760.25,0
1,0,1,1,34,1,0,1,0,0,2,0,2,0,0,1,3,84.05,2909.95,0
0,0,0,0,1,1,0,1,0,0,2,0,2,0,0,1,2,85.45,85.45,1
0,0,0,0,67,1,0,0,2,2,0,2,0,0,1,0,1,60.5,3870.0,0
0,0,0,0,13,1,0,0,2,2,0,2,0,2,0,0,0,67.8,842.25,0
1,0,1,0,35,1,2,1,0,0,0,0,0,0,0,1,2,75.2,2576.2,1
0,0,0,0,29,1,0,2,1,1,1,1,1,1,0,0,1,19.35,601.6,0
0,1,0,0,57,0,1,0,0,2,2,0,2,2,0,1,2,55.0,3094.05,0
1,0,1,0,65,1,2,0,2,0,2,2,0,2,2,0,0,76.15,4929.55,0
1,0,0,0,11,1,0,0,0,0,0,0,0,0,0,0,1,45.2,492.0,0
1,0,1,1,39,1,2,2,1,1,1,1,1,1,2,0,3,25.2,987.95,0
1,1,0,0,2,1,0,0,0,0,2,0,0,0,0,0,3,49.95,107.1,0
1,0,0,0,6,1,2,1,0,0,0,2,0,2,0,1,0,87.95,522.35,0
0,0,1,0,62,1,2,1,0,0,2,0,2,2,0,1,2,101.35,6164.7,0
0,0,0,0,1,1,0,2,1,1,1,1,1,1,0,0,2,20.7,20.7,0
1,0,1,0,10,1,0,2,1,1,1,1,1,1,1,0,0,19.6,189.45,0
1,0,0,0,4,1,2,1,0,2,0,0,0,2,0,1,2,90.05,368.1,1
1,0,0,0,3,1,0,1,0,0,0,0,0,0,0,1,3,70.3,220.4,0
1,0,1,1,46,1,0,2,1,1,1,1,1,1,2,0,1,19.75,856.5,0
1,0,1,1,68,1,2,1,2,2,2,0,2,2,2,1,2,110.2,7467.5,0
0,0,1,1,10,1,0,0,0,2,2,0,0,2,1,1,3,65.9,660.05,0
1,0,1,1,22,1,2,1,0,0,2,0,2,0,0,1,2,88.75,1885.15,0
1,0,1,0,29,1,2,1,2,2,0,0,0,0,0,1,2,84.45,2467.1,1
0,0,1,0,70,1,2,2,1,1,1,1,1,1,2,1,0,26.0,2006.95,0
1,0,1,1,35,1,0,1,0,2,0,2,2,0,1,1,2,89.7,3165.6,0
0,0,0,0,1,1,2,2,1,1,1,1,1,1,0,1,3,25.75,25.75,0
0,0,1,1,52,1,2,1,0,0,2,0,2,2,1,0,0,101.25,5301.1,0
0,1,1,0,66,1,2,1,0,0,2,2,2,2,1,1,1,105.95,6975.25,1
0,1,0,0,37,1,2,1,0,0,0,0,2,2,0,1,2,96.55,3580.3,1
1,0,0,0,25,1,0,1,0,0,0,0,0,0,0,0,2,69.75,1729.35,0
0,0,0,1,3,1,0,2,1,1,1,1,1,1,1,1,1,20.55,57.4,0
1,0,0,0,56,1,0,0,0,2,0,2,2,2,1,1,0,75.75,4284.65,0
0,1,0,0,71,1,2,1,0,2,0,0,2,2,0,1,1,99.65,6951.15,0
0,0,0,0,50,1,0,1,0,2,0,2,2,2,2,1,3,100.2,5038.45,0
1,1,1,1,24,1,2,1,2,0,0,0,0,0,0,1,2,79.85,1857.75,0
1,1,1,0,36,1,0,0,0,0,2,2,0,0,1,0,1,54.1,1992.85,0
1,0,1,1,55,1,0,0,2,2,0,2,0,0,2,0,0,57.55,3046.4,1
1,0,0,1,1,1,0,2,1,1,1,1,1,1,0,1,3,20.25,20.25,0
0,0,1,0,16,1,0,1,0,2,0,0,2,2,0,1,0,94.65,1461.15,0
1,0,1,0,66,1,2,0,2,2,2,0,0,0,2,1,1,66.1,4428.45,0
1,0,1,0,58,1,0,0,2,2,2,0,0,0,1,0,1,60.3,3563.8,1
1,0,0,0,27,1,0,0,2,0,2,2,2,0,1,0,1,69.35,1927.3,0
0,1,0,0,30,1,2,1,0,2,0,0,2,2,0,1,2,99.7,2967.35,1
1,0,0,0,15,1,2,0,0,2,0,2,0,0,0,1,1,58.6,939.7,1
0,0,1,0,48,1,2,0,0,0,2,2,0,2,1,1,3,69.55,3435.6,0
0,0,1,0,1,1,0,1,0,0,0,0,0,0,0,1,3,69.4,69.4,1
1,0,1,1,72,1,2,0,2,2,2,2,2,2,2,1,0,87.55,6463.15,0
0,1,1,0,11,1,2,1,0,0,2,0,2,2,0,1,2,99.55,1131.2,1
0,0,1,1,12,1,2,1,0,2,2,0,0,0,0,1,2,84.5,916.9,1
1,0,1,1,9,1,2,1,0,0,2,0,2,0,1,1,2,90.35,767.9,0
0,0,1,0,60,1,2,1,0,2,2,0,2,2,0,1,2,106.15,6411.25,0
1,0,0,0,18,1,2,1,0,0,2,0,2,0,1,1,1,89.6,1633.0,0
0,0,1,1,52,1,0,0,0,0,2,0,0,0,1,1,0,50.95,2610.65,0
1,1,0,0,65,1,0,1,0,2,2,0,2,2,0,1,0,99.1,6496.15,0
0,0,0,1,65,0,1,0,0,2,0,2,2,0,2,0,3,45.25,2933.95,0
0,1,0,0,54,1,2,1,0,2,0,0,0,0,0,1,2,79.5,4370.25,1
1,0,0,0,8,1,0,1,0,0,2,0,2,2,0,1,2,94.7,740.3,1
1,0,0,0,5,1,2,1,0,0,2,0,2,0,0,1,2,92.5,452.7,1
0,0,1,1,40,1,0,2,1,1,1,1,1,1,2,0,0,20.15,777.35,0
1,0,1,1,65,1,0,0,2,0,0,2,2,2,2,1,0,74.8,4820.15,1
1,0,1,1,4,1,0,0,0,0,0,0,0,0,0,0,3,45.25,155.35,0
1,0,1,0,42,0,1,0,0,0,0,0,0,0,0,1,1,25.1,1097.15,0
1,0,0,1,22,1,0,2,1,1,1,1,1,1,0,0,1,20.15,432.5,0
0,0,1,1,67,0,1,0,2,2,0,0,0,0,2,0,0,36.15,2434.45,0
1,0,0,0,43,1,2,1,0,0,0,2,2,2,1,1,2,100.0,4211.55,1
1,0,0,1,19,1,0,2,1,1,1,1,1,1,0,1,2,20.0,377.55,0
0,0,0,1,2,1,2,1,0,0,0,0,2,2,0,1,0,94.2,193.8,1
0,0,1,0,72,1,2,0,2,2,0,2,2,2,2,1,0,86.4,6058.95,0
0,0,1,0,46,1,2,1,0,2,2,2,2,2,2,1,1,108.9,4854.3,0
0,0,0,0,35,1,0,2,1,1,1,1,1,1,1,0,3,20.75,700.45,0
0,0,0,0,2,1,0,0,0,0,0,0,0,0,0,1,3,45.85,105.6,0
1,1,0,0,54,0,1,0,0,2,2,0,2,2,1,1,2,55.45,2966.95,0
1,0,0,0,32,1,0,2,1,1,1,1,1,1,1,0,3,19.8,607.7,0
0,0,1,1,65,1,2,0,2,2,2,2,2,2,2,1,3,90.45,5957.9,0
0,0,0,0,60,1,0,0,0,2,2,2,2,0,1,1,1,70.15,4224.7,0
1,0,0,0,72,1,0,2,1,1,1,1,1,1,2,1,3,20.8,1521.2,0
1,0,0,0,1,1,2,0,0,2,0,2,0,0,0,0,3,60.1,60.1,1
0,0,1,1,58,1,0,1,0,2,2,0,2,0,0,1,2,91.55,5511.65,0
1,0,0,0,37,0,1,0,0,0,0,0,2,0,2,0,1,35.8,1316.9,0
0,0,0,0,3,1,0,1,0,0,0,0,2,0,0,1,2,79.4,244.65,1
1,0,0,1,62,1,2,2,1,1,1,1,1,1,2,1,3,24.4,1413.0,0
1,0,0,0,18,1,2,1,0,2,0,0,0,0,0,1,2,80.65,1451.9,1
0,1,0,0,36,1,2,1,0,0,0,0,0,0,0,1,0,74.9,2659.45,0
0,0,0,0,28,1,0,0,0,2,0,2,0,0,0,0,0,54.65,1517.5,0
1,0,0,0,22,1,2,1,0,0,0,0,0,2,0,0,2,83.05,1799.3,0
0,0,1,1,1,1,0,1,0,0,0,0,0,0,0,1,2,69.8,69.8,1
0,1,0,0,37,1,2,1,0,0,0,0,0,0,0,1,2,76.25,2841.55,1
0,1,0,0,3,1,0,1,0,0,0,0,0,0,0,1,2,70.4,204.7,1
0,0,0,0,2,1,0,1,0,0,0,0,0,0,0,1,2,70.95,137.95,1
1,0,1,0,34,1,2,1,0,0,2,0,2,2,0,0,2,100.85,3527.3,0
1,0,0,0,16,1,2,1,0,2,0,0,0,0,0,1,3,80.55,1248.9,0
0,1,1,0,48,1,2,1,2,2,2,2,2,2,0,0,2,117.45,5438.9,1
1,0,1,0,50,1,0,2,1,1,1,1,1,1,2,0,3,20.55,1067.65,0
0,0,0,0,7,1,0,2,1,1,1,1,1,1,1,0,3,19.9,173.15,0
0,0,1,1,22,0,1,0,0,2,0,0,2,0,0,0,2,39.2,849.9,0
0,0,1,1,71,1,0,2,1,1,1,1,1,1,2,0,0,20.1,1389.6,0
1,0,0,0,1,1,0,2,1,1,1,1,1,1,0,0,3,18.9,18.9,0
1,0,1,0,47,1,0,0,0,2,2,0,2,2,2,0,2,73.6,3522.65,0
1,0,1,1,19,1,2,0,0,0,0,0,0,0,0,0,1,50.1,910.45,0
0,1,1,0,22,1,2,2,1,1,1,1,1,1,1,0,0,25.6,548.8,0
1,0,0,0,14,0,1,0,0,0,2,0,2,2,0,1,2,50.75,712.75,1
0,1,1,0,61,1,2,1,0,2,2,0,2,2,1,1,1,104.4,6405.0,1
0,0,0,0,42,1,0,0,2,2,2,0,0,0,0,0,0,59.65,2536.55,0
1,0,1,1,72,0,1,0,2,2,2,2,2,2,2,1,0,65.65,4664.5,0
0,0,0,0,7,1,2,1,0,0,0,0,0,0,0,1,0,75.1,552.95,1
1,1,0,0,62,1,2,1,0,2,2,2,2,2,1,1,0,110.75,7053.35,0
1,0,0,0,6,1,0,0,0,0,0,2,0,0,0,1,1,49.5,312.7,0
1,0,1,1,23,1,0,2,1,1,1,1,1,1,1,1,1,20.0,445.3,0
1,0,0,0,20,1,0,1,0,0,0,0,2,0,0,0,2,78.8,1641.3,0
0,0,0,0,1,1,0,0,0,0,0,0,0,0,0,0,3,45.15,45.15,0
0,0,1,0,71,1,0,2,1,1,1,1,1,1,2,1,0,20.9,1493.2,0
0,0,1,1,42,1,0,1,0,0,2,0,2,2,0,1,2,92.15,3875.4,0
1,0,1,1,21,1,0,2,1,1,1,1,1,1,1,0,3,19.8,350.1,0
1,0,0,0,39,0,1,0,0,0,0,2,0,2,0,1,2,40.6,1494.5,0
0,0,1,1,57,1,0,2,1,1,1,1,1,1,2,0,0,19.75,1272.05,0
1,0,0,0,6,0,1,0,0,2,0,0,0,0,0,1,1,30.5,208.7,1
0,0,1,1,7,1,0,2,1,1,1,1,1,1,0,0,3,20.45,150.75,0
0,0,0,0,55,1,0,0,0,0,0,0,0,0,1,0,0,45.05,2462.6,0
0,0,1,0,47,1,0,0,0,2,0,0,2,0,0,1,0,58.6,2723.4,0
1,1,0,0,47,1,0,1,2,0,0,0,0,2,0,0,3,85.5,4042.3,1
1,0,1,0,46,1,0,0,2,2,2,2,0,0,2,0,3,65.65,3047.15,0
1,0,0,0,1,1,0,1,0,0,0,0,0,0,0,0,2,70.4,70.4,1
0,1,0,0,15,1,0,1,0,2,0,0,0,0,0,1,1,75.3,1147.45,1
0,0,0,0,2,1,0,2,1,1,1,1,1,1,0,0,1,20.35,35.1,0
0,0,1,1,17,1,2,1,2,0,2,0,2,2,0,1,2,104.2,1743.5,1
0,0,0,0,30,1,0,1,0,0,0,2,2,2,1,1,0,94.4,2638.1,0
1,0,0,1,15,1,0,0,2,0,2,0,0,2,1,0,3,64.85,950.75,0
0,0,1,0,12,1,0,0,0,0,0,0,0,0,0,0,0,45.9,505.95,0
1,1,1,0,36,1,2,1,0,0,0,0,0,2,0,1,2,84.1,3021.6,1
1,0,1,1,72,1,2,0,2,2,2,2,2,2,2,1,1,90.8,6397.6,0
1,1,1,0,30,1,2,1,0,0,0,2,2,2,0,1,2,101.5,2917.65,0
1,0,0,1,60,1,0,2,1,1,1,1,1,1,2,0,3,19.95,1189.9,0
1,0,0,1,22,1,0,1,0,2,2,0,2,0,0,1,2,89.4,2001.5,1
1,0,0,0,72,1,0,0,2,2,2,2,2,0,2,1,0,75.1,5336.35,0
0,1,1,0,47,1,2,1,2,0,0,0,0,0,0,0,2,80.35,3825.85,1
0,0,1,1,70,1,2,1,0,2,2,0,2,2,1,1,2,106.5,7397.0,0
1,0,0,0,37,1,0,0,2,2,2,2,0,0,2,0,0,65.6,2313.8,0
1,0,1,0,72,1,2,1,2,2,0,2,2,2,2,1,1,109.95,7852.4,0
0,0,1,1,2,1,0,1,0,2,0,0,0,0,0,1,0,73.55,145.4,1
0,1,1,1,65,1,2,1,0,2,2,0,2,2,1,1,2,107.45,7047.5,0
0,0,1,0,8,1,0,1,0,2,2,0,2,2,0,0,2,101.15,842.9,1
0,0,0,0,26,1,0,0,0,2,2,0,0,0,0,1,1,54.75,1406.9,0
0,1,1,0,65,1,0,1,0,2,2,2,2,2,2,1,1,105.85,6725.5,0
0,0,1,0,12,1,0,2,1,1,1,1,1,1,2,1,2,20.05,264.55,0
1,0,0,1,72,0,1,0,2,2,2,2,2,2,2,0,1,67.2,4671.7,0
0,0,0,0,31,1,2,1,0,0,0,0,0,0,0,1,2,76.05,2227.8,0
1,0,0,1,13,1,0,0,0,0,0,0,2,2,0,0,1,66.4,831.75,0
0,0,1,0,68,1,2,1,0,2,2,0,0,0,1,0,1,86.45,5762.95,0
1,1,1,0,13,1,0,1,0,0,0,0,0,0,0,0,0,70.45,849.1,0
1,0,1,1,1,1,0,1,0,0,0,0,2,2,0,1,2,90.1,90.1,0
1,0,0,1,37,1,0,0,2,2,0,2,0,0,2,0,1,61.45,2302.35,0
1,0,1,1,5,1,0,2,1,1,1,1,1,1,1,0,2,20.55,99.45,0
1,1,1,0,10,1,0,1,0,2,2,2,2,0,0,1,3,92.5,934.1,1
0,0,1,0,37,0,1,0,2,0,0,2,2,0,2,0,2,45.4,1593.1,0
0,1,0,0,1,1,2,1,0,0,0,0,0,0,0,1,3,74.45,74.45,1
1,0,1,1,53,1,2,0,2,2,0,0,0,2,2,0,0,69.7,3686.05,0
1,0,0,0,18,1,2,1,0,0,2,0,0,2,0,1,1,90.7,1597.25,1
1,0,0,1,62,1,0,2,1,1,1,1,1,1,2,0,0,20.0,1250.1,0
0,0,1,1,65,1,2,0,2,2,0,2,2,2,2,1,0,82.5,5215.1,0
1,0,1,1,16,1,2,1,0,0,2,0,2,0,0,1,0,90.8,1442.2,0
1,0,0,0,2,1,0,1,0,0,0,0,2,0,0,1,2,80.25,144.55,1
1,0,0,0,36,1,2,1,0,0,0,0,0,2,0,1,2,84.75,3050.15,1
1,0,0,0,53,1,2,1,0,0,0,0,2,0,0,0,0,85.45,4517.25,1
1,0,1,1,1,1,0,2,1,1,1,1,1,1,0,0,3,19.9,19.9,1
0,0,0,0,1,1,0,1,0,0,0,0,0,0,0,1,2,70.6,70.6,1
0,0,1,0,48,1,2,1,0,2,0,2,2,2,0,1,1,105.1,5083.55,0
1,0,1,0,60,1,0,0,2,2,0,2,0,0,2,1,3,61.35,3766.2,0
0,0,1,1,10,1,0,1,0,0,0,0,2,2,0,1,2,88.85,929.45,0
0,0,0,0,29,1,2,1,0,0,0,0,0,0,0,1,2,74.2,1993.25,0
0,0,0,0,1,1,0,0,0,0,0,0,0,0,0,1,3,45.4,45.4,0
1,0,0,0,11,1,0,1,0,0,0,2,0,0,0,1,2,73.85,926.25,1
1,0,0,0,17,0,1,0,0,0,0,0,0,0,0,0,1,25.1,382.8,0
0,0,1,1,54,1,2,2,1,1,1,1,1,1,1,1,0,24.75,1342.15,0
0,0,0,0,66,1,2,1,0,0,2,0,2,0,1,1,0,92.15,6056.9,0
1,0,1,1,68,0,1,0,2,2,0,0,2,0,1,0,3,44.8,2983.65,0
1,0,0,0,9,0,1,0,0,0,0,0,2,0,0,1,1,34.7,296.1,1
0,0,1,0,67,1,2,0,0,2,2,2,2,2,2,0,0,86.15,5883.85,0
1,0,1,0,70,1,2,2,1,1,1,1,1,1,2,0,0,24.25,1724.15,0
0,0,0,0,3,1,0,1,0,2,0,2,2,2,0,1,2,97.9,315.3,1
0,0,0,0,4,1,0,2,1,1,1,1,1,1,0,0,3,20.15,84.5,0
0,1,1,0,3,1,0,1,0,0,0,2,2,0,0,1,3,83.9,267.4,1
0,0,1,1,70,1,2,1,2,2,2,2,0,0,2,0,0,93.9,6579.05,1
1,0,1,0,11,1,2,1,0,2,0,0,0,0,0,1,0,80.5,896.9,1
0,0,1,1,23,1,2,1,0,0,0,0,2,0,0,1,2,83.75,1849.95,0
1,0,0,1,15,1,0,0,0,0,2,2,0,0,1,0,1,55.2,864.55,0
0,0,1,1,38,1,0,0,2,2,0,0,0,0,0,0,2,54.5,2076.05,0
0,1,1,0,20,1,0,1,0,0,0,0,2,2,1,1,0,91.0,1859.5,0
0,0,1,0,3,1,2,1,0,0,0,0,0,0,0,1,1,74.75,229.5,1
1,0,0,0,40,1,0,0,0,0,0,2,0,0,0,1,2,51.1,2092.9,0
1,0,0,1,6,1,2,2,1,1,1,1,1,1,0,0,3,26.35,184.05,0
1,0,0,0,1,1,0,1,0,0,0,0,0,2,0,0,2,79.6,79.6,1
0,0,1,0,42,1,2,1,0,0,2,2,0,0,0,1,2,84.3,3588.4,1
1,0,1,0,35,0,1,0,2,0,2,0,2,2,1,0,1,53.15,1930.9,0
1,0,1,1,21,1,2,1,0,2,2,0,2,2,0,0,2,104.4,2157.95,1
1,0,0,0,15,1,0,1,0,0,2,0,2,0,0,0,2,85.3,1219.85,0
1,1,1,1,71,1,2,1,2,2,0,0,2,2,0,1,1,105.1,7548.1,1
1,1,0,0,19,1,0,1,2,0,0,0,0,2,0,1,2,87.3,1637.3,0
1,0,0,0,19,1,2,1,0,2,0,0,2,2,0,1,2,99.95,1931.75,1
0,1,0,0,38,1,0,2,1,1,1,1,1,1,2,0,3,20.2,735.9,0
1,0,1,0,32,1,2,0,2,0,0,2,2,0,1,1,1,72.8,2333.05,0
0,0,0,0,1,1,0,1,0,0,0,0,0,0,0,1,3,70.15,70.15,1
1,1,1,0,30,1,2,1,2,2,2,2,2,0,0,1,0,105.7,3181.8,0
1,1,0,0,57,1,2,1,2,0,0,2,0,2,2,0,2,93.75,5625.55,0
0,0,0,0,35,1,0,0,2,2,2,0,0,0,0,0,2,60.55,1982.6,0
1,0,0,0,5,1,0,0,0,2,0,2,0,2,0,1,0,65.6,339.9,0
0,0,0,0,27,1,0,1,0,0,2,2,0,2,0,1,2,89.2,2383.6,0
0,0,1,0,18,1,0,1,2,0,0,0,0,0,0,0,2,74.8,1438.05,0
0,0,1,1,47,0,1,0,2,2,2,0,2,2,2,1,1,60.0,2768.65,0
0,0,0,0,6,1,0,1,0,2,0,0,0,2,0,1,3,85.95,514.6,0
0,0,1,1,17,1,2,1,0,0,0,0,0,2,0,1,2,85.45,1451.6,1
1,0,1,1,1,1,0,1,0,0,0,0,0,0,0,1,2,71.0,71.0,1
1,1,0,0,9,1,2,1,0,0,0,0,0,2,0,1,2,85.05,746.5,1
1,0,1,0,60,1,0,0,2,0,0,0,2,0,1,1,3,59.8,3561.15,0
0,1,0,0,35,1,0,1,0,0,0,0,0,0,0,0,2,70.55,2419.0,0
1,0,1,1,31,0,1,0,2,0,2,2,2,2,1,0,2,59.95,1848.8,0
1,0,1,1,20,1,0,1,0,0,0,0,0,0,0,1,2,70.45,1470.95,1
1,1,1,0,7,1,2,1,0,0,0,0,0,0,0,1,2,75.4,533.05,0
1,0,1,0,63,1,0,2,1,1,1,1,1,1,2,1,0,19.95,1234.8,0
1,1,1,0,21,1,0,1,0,0,0,0,0,0,0,1,2,69.1,1474.75,1
0,0,0,0,2,1,0,1,0,0,0,0,0,0,0,0,0,70.0,153.05,1
0,0,0,0,17,1,0,1,0,0,0,0,0,0,0,0,0,70.5,1165.6,0
0,0,0,0,21,1,2,1,0,0,0,0,2,2,0,1,2,97.35,2119.5,1
0,0,0,0,18,1,0,1,2,0,0,0,0,0,0,1,2,75.4,1380.4,0
0,1,0,0,1,1,0,1,0,2,0,0,0,2,0,1,2,86.0,86.0,1
1,0,0,0,3,0,1,0,0,2,0,0,0,0,0,1,2,29.6,79.45,1
0,0,1,1,49,1,2,1,0,0,0,0,2,2,0,1,2,95.6,4783.5,1
1,1,1,0,59,0,1,0,0,2,0,0,2,2,0,1,2,50.25,2997.45,0
0,0,0,0,69,1,2,0,2,0,2,2,2,2,2,1,1,85.35,5897.4,0
0,0,1,0,9,1,0,0,0,2,0,0,0,0,0,0,3,50.85,466.6,0
0,1,0,0,14,1,2,1,0,2,0,0,0,0,0,1,2,78.95,1101.85,1
0,0,0,0,52,1,2,1,0,2,0,0,0,0,1,1,3,80.2,4297.6,0
1,0,0,0,6,1,0,0,0,0,2,0,2,0,0,0,3,60.9,414.1,0
1,0,0,0,69,1,0,2,1,1,1,1,1,1,2,1,3,19.1,1268.85,0
1,0,1,1,72,1,2,1,2,0,2,0,2,2,2,0,0,105.25,7609.75,0
1,0,0,0,51,1,2,2,1,1,1,1,1,1,2,0,3,24.75,1234.6,0
0,1,1,0,8,1,2,1,0,0,0,0,0,2,0,1,2,84.0,613.4,1
1,1,1,1,34,1,2,1,0,2,2,2,2,2,0,1,2,108.9,3625.2,0
1,0,0,0,18,0,1,0,2,0,2,0,0,0,0,0,3,33.6,550.35,0
0,0,0,0,42,1,0,0,2,2,2,2,0,2,1,0,1,73.9,3160.55,1
0,0,0,0,68,0,1,0,0,2,0,2,0,2,0,0,2,44.95,3085.35,0
1,0,0,0,1,1,0,0,2,0,0,0,0,0,0,1,3,50.7,50.7,0
0,0,0,0,31,1,2,1,0,0,2,0,0,2,0,1,2,89.9,2806.9,1
1,0,1,0,11,1,0,0,0,0,0,0,2,0,0,1,0,55.05,608.15,0
0,0,1,1,49,1,0,0,2,0,2,2,0,0,0,0,0,61.75,3024.15,0
0,0,0,0,17,1,0,0,2,2,0,2,2,2,1,0,1,79.85,1387.35,0
0,0,1,1,1,1,0,2,1,1,1,1,1,1,2,0,3,20.35,20.35,0
0,0,0,0,1,0,1,0,0,0,0,0,0,0,0,1,3,24.9,24.9,0
1,1,0,0,60,1,2,0,2,2,0,0,0,2,1,1,2,71.75,4374.55,0
0,1,0,0,51,1,0,2,1,1,1,1,1,1,2,0,1,19.6,967.9,0
1,0,1,1,35,1,2,2,1,1,1,1,1,1,2,0,0,25.45,809.25,0
0,0,0,0,6,1,0,0,0,0,0,0,0,2,0,1,2,55.0,340.4,0
1,0,0,0,19,1,0,0,0,0,0,2,2,0,0,1,1,61.55,1093.2,0
0,1,0,0,8,1,0,1,0,2,0,0,2,0,0,1,2,87.1,713.6,0
1,0,0,0,59,1,2,2,1,1,1,1,1,1,2,0,3,25.0,1510.5,0
1,0,0,0,2,1,0,1,0,0,2,0,2,2,0,0,2,94.95,178.1,1
1,0,0,0,7,0,1,0,2,0,2,0,0,0,1,0,3,35.3,264.8,0
1,0,1,1,61,1,2,0,0,0,2,2,2,2,2,1,0,81.0,4976.15,0
0,0,0,0,10,1,0,0,0,2,0,2,0,2,1,0,3,64.9,685.55,0
1,0,0,0,1,1,0,0,2,0,0,0,0,0,0,1,1,49.8,49.8,0
0,0,1,0,71,0,1,0,0,0,2,2,0,2,2,1,2,47.05,3263.6,0
0,1,0,0,69,1,2,1,2,0,2,2,2,2,2,0,1,110.25,7467.55,0
0,0,1,0,64,1,2,0,2,0,2,2,2,2,2,1,1,85.0,5484.4,0
0,0,0,0,40,1,2,1,0,0,0,0,0,2,0,0,0,83.85,3532.25,0
1,0,0,0,21,1,2,1,0,0,0,0,0,0,0,0,3,75.3,1570.7,0
1,0,0,0,8,1,0,0,0,2,0,2,2,0,0,1,2,66.65,520.95,0
1,1,0,0,6,1,0,0,0,0,0,0,0,0,0,0,1,44.7,276.5,0
0,0,1,0,42,1,2,0,0,0,0,0,0,0,0,1,2,50.25,2203.65,1
0,0,1,0,19,1,2,1,0,2,0,0,0,2,0,1,2,89.1,1620.8,0
1,1,0,0,4,1,0,1,0,0,0,0,0,0,0,1,2,70.65,293.85,0
0,0,0,0,1,1,0,2,1,1,1,1,1,1,0,0,1,19.4,19.4,0
1,0,0,0,4,1,0,0,0,0,0,0,0,2,0,0,2,54.3,195.3,1
0,1,1,0,54,1,0,2,1,1,1,1,1,1,2,1,3,18.95,1031.1,0
1,0,1,0,50,1,2,1,2,0,2,0,2,2,1,1,2,103.95,5231.3,0
1,0,0,0,18,1,0,2,1,1,1,1,1,1,0,0,3,20.05,358.5,0
0,0,1,1,68,1,2,1,0,2,0,2,0,0,1,1,0,83.65,5733.4,0
1,0,0,0,17,1,0,0,0,0,0,2,0,0,0,0,3,51.5,900.5,1
0,0,1,1,69,1,2,1,2,2,2,2,2,0,1,1,1,105.1,7234.8,0
0,0,0,1,25,1,0,0,0,2,0,2,0,0,1,1,1,54.75,1266.35,0
1,0,1,1,10,0,1,0,2,2,2,2,0,2,2,0,1,53.7,521.0,0
1,0,0,0,65,1,2,2,1,1,1,1,1,1,2,0,3,25.75,1654.75,0
1,0,0,0,58,1,2,2,1,1,1,1,1,1,2,1,1,25.3,1474.35,0
1,0,0,1,1,1,2,1,0,0,0,0,2,2,0,1,2,93.3,93.3,1
1,0,1,1,50,0,1,0,2,0,0,0,2,0,0,1,1,39.45,2021.35,0
0,0,0,0,1,1,0,1,0,0,0,0,0,0,0,1,2,70.1,70.1,1
0,1,0,0,2,1,0,1,0,0,0,0,0,0,0,1,2,70.65,142.35,1
1,0,0,0,57,1,2,1,0,0,0,0,2,0,1,1,2,86.9,4939.25,0
1,0,0,0,2,1,0,2,1,1,1,1,1,1,0,0,3,20.35,33.2,1
0,0,0,0,3,1,0,1,2,0,2,0,2,2,0,1,1,99.0,287.4,1
1,0,0,0,2,1,2,1,0,2,0,0,0,0,0,1,2,79.45,145.15,0
1,0,1,1,39,1,2,1,0,0,2,0,2,2,1,0,2,100.0,3835.55,0
0,0,1,1,48,1,0,2,1,1,1,1,1,1,2,0,0,20.2,1027.25,0
0,0,0,0,2,1,0,1,0,0,0,0,0,0,0,0,2,70.35,139.25,0
0,0,1,1,48,1,0,0,2,2,2,0,0,2,2,1,1,70.1,3238.4,0
1,1,1,0,54,0,1,0,0,0,0,0,0,0,0,1,0,24.95,1364.75,0
0,0,0,1,67,1,2,1,0,2,0,2,2,2,2,1,2,104.0,7039.05,0
1,0,1,1,57,1,2,1,0,0,0,0,0,0,0,1,2,74.3,4018.35,0
1,0,0,0,23,1,2,1,0,0,2,2,2,0,0,1,1,96.9,2085.45,0
0,0,0,0,68,1,2,1,2,2,0,2,2,2,2,0,1,110.25,7279.35,0
0,0,0,0,1,1,0,2,1,1,1,1,1,1,0,1,3,20.3,20.3,1
1,1,0,0,2,1,2,1,0,0,0,0,2,2,0,1,2,94.0,181.7,1
1,0,0,1,1,1,0,2,1,1,1,1,1,1,0,0,3,19.55,19.55,0
0,0,0,0,8,1,0,0,2,2,0,2,0,0,1,0,0,58.2,469.25,0
1,0,1,1,71,1,2,1,0,2,2,0,2,2,2,1,0,106.0,7723.7,1
0,1,0,0,60,1,2,1,2,0,0,0,2,2,1,1,0,101.4,6176.6,0
0,0,1,1,72,1,0,1,2,2,2,2,2,2,2,1,0,108.3,7679.65,0
1,0,1,0,31,1,2,0,0,0,2,2,2,2,1,1,3,79.3,2484.0,0
1,0,0,0,41,1,0,2,1,1,1,1,1,1,2,0,3,20.15,802.35,0
1,0,1,1,52,0,1,0,0,2,2,2,2,0,2,0,3,50.2,2554.0,0
1,1,0,0,1,1,2,1,0,0,0,0,0,0,0,1,2,74.4,74.4,1
1,0,0,1,31,1,2,0,0,2,0,2,2,2,1,1,3,79.45,2587.7,1
0,0,1,1,27,1,0,2,1,1,1,1,1,1,2,0,3,19.9,550.1,0
1,0,1,0,59,0,1,0,0,0,0,0,2,2,0,1,2,44.3,2666.75,0
0,0,0,0,1,1,0,1,0,0,2,0,2,2,0,0,2,94.4,94.4,1
1,0,1,0,64,1,0,1,2,0,0,0,0,0,0,1,3,73.55,4764.0,0
0,0,0,0,1,1,0,1,0,0,0,0,0,0,0,1,2,69.2,69.2,1
1,0,1,0,17,0,1,0,0,0,2,2,2,2,1,0,2,54.6,934.8,0
0,0,0,0,13,1,2,1,0,0,0,0,0,2,0,1,2,84.6,1115.2,1
0,0,1,1,63,1,0,0,2,0,0,0,0,0,2,1,0,50.65,3221.25,0
1,0,0,0,1,1,0,0,0,0,0,0,0,0,0,0,2,45.3,45.3,1
1,1,0,0,2,1,2,1,0,0,0,0,0,0,0,1,3,74.85,156.4,1
0,0,0,1,19,1,0,2,1,1,1,1,1,1,2,0,3,20.5,398.55,0
1,0,1,0,21,1,2,1,0,0,2,2,2,2,0,1,2,106.1,2249.95,1
0,0,1,1,6,1,0,2,1,1,1,1,1,1,1,0,1,19.0,105.5,0
0,0,0,0,33,1,2,1,0,2,0,0,2,2,0,1,2,100.0,3320.6,0
1,0,0,0,16,1,0,2,1,1,1,1,1,1,0,0,0,20.25,327.45,1
1,0,0,0,9,1,0,1,0,0,2,0,0,0,0,1,2,73.8,704.3,0
0,0,0,0,34,1,0,0,2,2,0,0,0,0,1,0,3,55.0,1885.15,0
0,0,0,1,10,1,2,0,2,0,2,2,0,2,1,0,1,73.55,693.3,0
0,0,1,1,45,1,2,2,1,1,1,1,1,1,2,1,1,24.65,1171.3,0
1,0,1,0,55,0,1,0,0,0,2,2,2,2,0,1,0,54.55,2978.3,1
1,0,1,0,71,1,0,0,2,0,2,2,2,2,2,1,2,82.55,5832.65,0
0,0,0,0,48,1,2,0,2,2,2,0,2,2,1,1,1,83.45,3887.85,0
1,0,0,0,2,1,2,0,0,0,0,0,0,2,0,0,0,62.05,118.3,1
0,1,0,0,12,1,2,1,0,2,0,0,2,0,0,1,2,91.3,1094.5,1
0,0,1,1,10,1,2,0,2,2,0,0,2,0,1,0,2,70.3,676.15,0
1,0,1,0,69,1,0,0,2,2,0,0,0,0,1,1,1,53.65,3804.4,0
1,0,1,1,50,1,0,1,0,2,2,2,2,2,1,1,0,103.4,5236.4,0
0,1,1,0,3,1,0,1,0,2,0,0,0,0,0,1,0,74.6,239.05,0
0,0,1,1,20,1,0,2,1,1,1,1,1,1,0,0,3,20.05,406.05,0
0,0,0,0,63,1,2,2,1,1,1,1,1,1,2,0,3,24.2,1618.2,0
1,0,1,0,72,1,2,0,2,2,2,2,2,2,2,0,1,92.3,6719.9,0
1,0,0,0,7,1,2,2,1,1,1,1,1,1,0,0,3,23.5,173.0,0
1,0,0,1,19,1,0,2,1,1,1,1,1,1,2,0,1,20.85,467.5,0
1,0,1,1,8,1,2,0,2,2,0,2,0,2,2,1,1,76.15,645.8,0
0,0,0,0,30,1,2,0,2,0,2,0,2,2,1,1,1,79.3,2427.1,0
1,0,0,0,10,1,2,2,1,1,1,1,1,1,0,1,2,24.0,226.55,0
0,0,1,1,4,1,0,0,0,2,0,2,0,0,0,0,3,56.5,235.1,1
1,1,1,0,22,1,0,1,0,0,0,0,2,2,0,1,0,89.75,1938.9,0
1,0,0,1,4,1,0,0,2,0,0,0,0,0,0,1,2,49.4,184.4,1
1,1,1,0,37,1,2,1,0,0,0,0,2,2,0,1,2,92.5,3473.4,1
0,0,0,1,72,1,0,2,1,1,1,1,1,1,2,1,3,19.75,1567.0,0
0,0,0,0,67,1,2,2,1,1,1,1,1,1,2,1,0,25.6,1790.35,0
1,0,0,0,56,1,2,2,1,1,1,1,1,1,1,0,2,24.9,1334.0,1
0,0,0,0,20,1,2,1,2,0,0,0,2,0,0,1,0,89.1,1879.25,0
0,1,0,0,18,1,2,1,0,2,0,2,2,2,0,1,1,103.6,1806.35,0
1,1,1,0,6,1,0,1,0,2,0,0,0,2,0,1,2,84.2,519.15,1
0,0,1,1,45,1,0,0,0,2,0,2,0,0,1,1,1,54.15,2319.8,1
1,0,1,0,3,0,1,0,0,0,0,0,0,2,0,1,2,35.15,99.75,1
0,0,1,1,3,1,0,1,0,0,0,0,2,0,0,1,2,80.7,239.45,0
0,1,1,0,56,1,2,0,2,2,2,2,0,0,1,1,1,68.45,4014.0,0
1,0,0,1,30,0,1,0,0,0,0,0,2,2,0,1,2,44.5,1307.8,0
1,0,0,0,9,1,2,1,0,0,0,0,2,0,0,1,2,85.5,791.7,0
1,0,0,1,44,1,0,2,1,1,1,1,1,1,2,0,0,19.55,819.95,0
0,0,1,0,72,1,2,1,2,2,0,0,0,0,2,1,0,84.05,6052.25,0
1,0,0,0,54,1,2,1,0,0,2,0,0,2,0,0,1,89.4,4869.5,0
1,0,0,0,1,1,0,1,0,0,0,0,0,0,0,1,2,69.35,69.35,1
0,0,0,1,25,1,0,2,1,1,1,1,1,1,0,0,1,20.05,471.7,0
0,0,1,1,67,1,2,0,0,0,2,2,0,2,2,1,0,69.9,4615.9,0
0,0,0,0,48,1,2,1,0,2,2,0,2,2,0,1,0,107.4,5121.3,1
0,1,1,0,61,1,2,1,2,2,2,2,0,0,0,1,1,94.2,5895.45,0
1,0,0,0,1,1,0,2,1,1,1,1,1,1,0,0,3,20.5,20.5,1
0,0,1,1,24,1,2,0,2,2,2,0,0,0,2,0,2,64.35,1558.65,0
0,0,0,0,23,1,0,1,0,2,2,2,0,0,0,0,0,83.2,2032.3,0
1,0,0,1,31,0,1,0,0,0,0,0,0,0,0,0,1,25.0,789.2,0
1,0,1,1,37,0,1,0,2,0,2,2,0,0,1,1,2,40.2,1525.35,0
1,0,0,0,3,1,0,0,0,2,0,0,0,0,0,1,3,49.9,130.1,1
1,0,1,1,1,1,0,1,0,0,0,0,0,0,0,1,3,70.65,70.65,1
1,0,0,0,72,1,2,1,0,2,2,0,2,2,1,1,2,104.95,7544.3,0
1,0,1,1,24,1,2,0,2,0,2,2,2,2,1,1,3,84.8,1990.5,0
